idx # 
tensor([ 23,  26,  59, 112, 146, 147, 151, 154, 156, 236, 276,  21,  52,  60,
         76,  88, 125, 191, 194, 202, 254, 276, 278, 106, 125, 156, 170, 195,
        242])

targets 
        tensor([ 2,  3,  4,  5,  8,  9, 10, 11, 12, 13, 14], device='cuda:0')
        tensor([ 2,  3,  6,  8, 10, 11, 13, 15, 16, 17, 18, 20], device='cuda:0')
        tensor([2, 3, 4, 5, 6, 7], device='cuda:0')
        
        
target_classes_o
tensor([12, 13, 10,  4,  5, 14, 11,  2,  3,  8,  9, 16, 13,  8, 15, 17,  3, 20,
        10,  2, 11,  6, 18,  3,  5,  4,  6,  2,  7], device='cuda:0')




tensor([[100, 100, 100, 100, 100, 100, 100, 100, 100, 100, 100, 100, 100, 100,
         100, 100, 100, 100, 100, 100, 100, 100, 100,  12, 100, 100,  13, 100,
         100, 100, 100, 100, 100, 100, 100, 100, 100, 100, 100, 100, 100, 100,
         100, 100, 100, 100, 100, 100, 100, 100, 100, 100, 100, 100, 100, 100,
         100, 100, 100,  10, 100, 100, 100, 100, 100, 100, 100, 100, 100, 100,
         100, 100, 100, 100, 100, 100, 100, 100, 100, 100, 100, 100, 100, 100,
         100, 100, 100, 100, 100, 100, 100, 100, 100, 100, 100, 100, 100, 100,
         100, 100, 100, 100, 100, 100, 100, 100, 100, 100, 100, 100, 100, 100,
           4, 100, 100, 100, 100, 100, 100, 100, 100, 100, 100, 100, 100, 100,
         100, 100, 100, 100, 100, 100, 100, 100, 100, 100, 100, 100, 100, 100,
         100, 100, 100, 100, 100, 100,   5,  14, 100, 100, 100,  11, 100, 100,
           2, 100,   3, 100, 100, 100, 100, 100, 100, 100, 100, 100, 100, 100,
         100, 100, 100, 100, 100, 100, 100, 100, 100, 100, 100, 100, 100, 100,
         100, 100, 100, 100, 100, 100, 100, 100, 100, 100, 100, 100, 100, 100,
         100, 100, 100, 100, 100, 100, 100, 100, 100, 100, 100, 100, 100, 100,
         100, 100, 100, 100, 100, 100, 100, 100, 100, 100, 100, 100, 100, 100,
         100, 100, 100, 100, 100, 100, 100, 100, 100, 100, 100, 100,   8, 100,
         100, 100, 100, 100, 100, 100, 100, 100, 100, 100, 100, 100, 100, 100,
         100, 100, 100, 100, 100, 100, 100, 100, 100, 100, 100, 100, 100, 100,
         100, 100, 100, 100, 100, 100, 100, 100, 100, 100,   9, 100, 100, 100,
         100, 100, 100, 100, 100, 100, 100, 100, 100, 100, 100, 100, 100, 100,
         100, 100, 100, 100, 100, 100],
        [100, 100, 100, 100, 100, 100, 100, 100, 100, 100, 100, 100, 100, 100,
         100, 100, 100, 100, 100, 100, 100,  16, 100, 100, 100, 100, 100, 100,
         100, 100, 100, 100, 100, 100, 100, 100, 100, 100, 100, 100, 100, 100,
         100, 100, 100, 100, 100, 100, 100, 100, 100, 100,  13, 100, 100, 100,
         100, 100, 100, 100,   8, 100, 100, 100, 100, 100, 100, 100, 100, 100,
         100, 100, 100, 100, 100, 100,  15, 100, 100, 100, 100, 100, 100, 100,
         100, 100, 100, 100,  17, 100, 100, 100, 100, 100, 100, 100, 100, 100,
         100, 100, 100, 100, 100, 100, 100, 100, 100, 100, 100, 100, 100, 100,
         100, 100, 100, 100, 100, 100, 100, 100, 100, 100, 100, 100, 100,   3,
         100, 100, 100, 100, 100, 100, 100, 100, 100, 100, 100, 100, 100, 100,
         100, 100, 100, 100, 100, 100, 100, 100, 100, 100, 100, 100, 100, 100,
         100, 100, 100, 100, 100, 100, 100, 100, 100, 100, 100, 100, 100, 100,
         100, 100, 100, 100, 100, 100, 100, 100, 100, 100, 100, 100, 100, 100,
         100, 100, 100, 100, 100, 100, 100, 100, 100,  20, 100, 100,  10, 100,
         100, 100, 100, 100, 100, 100,   2, 100, 100, 100, 100, 100, 100, 100,
         100, 100, 100, 100, 100, 100, 100, 100, 100, 100, 100, 100, 100, 100,
         100, 100, 100, 100, 100, 100, 100, 100, 100, 100, 100, 100, 100, 100,
         100, 100, 100, 100, 100, 100, 100, 100, 100, 100, 100, 100, 100, 100,
         100, 100,  11, 100, 100, 100, 100, 100, 100, 100, 100, 100, 100, 100,
         100, 100, 100, 100, 100, 100, 100, 100, 100, 100,   6, 100,  18, 100,
         100, 100, 100, 100, 100, 100, 100, 100, 100, 100, 100, 100, 100, 100,
         100, 100, 100, 100, 100, 100],
        [100, 100, 100, 100, 100, 100, 100, 100, 100, 100, 100, 100, 100, 100,
         100, 100, 100, 100, 100, 100, 100, 100, 100, 100, 100, 100, 100, 100,
         100, 100, 100, 100, 100, 100, 100, 100, 100, 100, 100, 100, 100, 100,
         100, 100, 100, 100, 100, 100, 100, 100, 100, 100, 100, 100, 100, 100,
         100, 100, 100, 100, 100, 100, 100, 100, 100, 100, 100, 100, 100, 100,
         100, 100, 100, 100, 100, 100, 100, 100, 100, 100, 100, 100, 100, 100,
         100, 100, 100, 100, 100, 100, 100, 100, 100, 100, 100, 100, 100, 100,
         100, 100, 100, 100, 100, 100, 100, 100,   3, 100, 100, 100, 100, 100,
         100, 100, 100, 100, 100, 100, 100, 100, 100, 100, 100, 100, 100,   5,
         100, 100, 100, 100, 100, 100, 100, 100, 100, 100, 100, 100, 100, 100,
         100, 100, 100, 100, 100, 100, 100, 100, 100, 100, 100, 100, 100, 100,
         100, 100,   4, 100, 100, 100, 100, 100, 100, 100, 100, 100, 100, 100,
         100, 100,   6, 100, 100, 100, 100, 100, 100, 100, 100, 100, 100, 100,
         100, 100, 100, 100, 100, 100, 100, 100, 100, 100, 100, 100, 100,   2,
         100, 100, 100, 100, 100, 100, 100, 100, 100, 100, 100, 100, 100, 100,
         100, 100, 100, 100, 100, 100, 100, 100, 100, 100, 100, 100, 100, 100,
         100, 100, 100, 100, 100, 100, 100, 100, 100, 100, 100, 100, 100, 100,
         100, 100, 100, 100,   7, 100, 100, 100, 100, 100, 100, 100, 100, 100,
         100, 100, 100, 100, 100, 100, 100, 100, 100, 100, 100, 100, 100, 100,
         100, 100, 100, 100, 100, 100, 100, 100, 100, 100, 100, 100, 100, 100,
         100, 100, 100, 100, 100, 100, 100, 100, 100, 100, 100, 100, 100, 100,
         100, 100, 100, 100, 100, 100]], device='cuda:0')



predmask 
torch.Size([3, 300, 5, 50, 50])
src_mask 
torch.Size([29, 5, 50, 50])


target masks 
        torch.Size([11, 5, 200, 200])
        torch.Size([12, 5, 200, 200])
        torch.Size([6, 5, 200, 200])


        tensor([ 5, 21, 20,  6, 16, 24, 22, 18,  2,  4,  7,  8, 15,  9, 23, 13, 11, 26,
        19,  3,  1,  1, 14, 10, 17, 12], device='cuda:0')

        tensor([ 0.,  1.,  2.,  3.,  4.,  5.,  6.,  7.,  8.,  9., 10., 11., 12., 13.,
                14., 15., 16., 17., 18., 19., 20., 21., 22., 23., 24., 26.],
            device='cuda:0')

    tensor([  0.,   1.,   2.,   3.,   4.,   5.,   6.,   7.,   8.,   9.,  10.,  11.,
         12.,  13.,  14.,  15.,  16.,  17.,  18.,  19.,  20.,  21.,  22.,  23.,
         24.,  25.,  26.,  27.,  28.,  29.,  30.,  31.,  32.,  33.,  34.,  35.,
         36.,  37.,  38.,  39.,  40.,  41.,  42.,  43.,  44.,  45.,  46.,  47.,
         48.,  49.,  50.,  51.,  52.,  53.,  54.,  55.,  56.,  57.,  58.,  59.,
         60.,  61.,  62.,  63.,  64.,  65.,  66.,  67.,  68.,  69.,  70.,  71.,
         72.,  73.,  74.,  75.,  76.,  77.,  78.,  79.,  80.,  81.,  82.,  83.,
         84.,  85.,  86.,  87.,  88.,  89.,  90.,  91.,  92.,  93.,  94.,  95.,
         96.,  97.,  98.,  99., 100., 101., 102., 103., 104., 105., 106., 107.,
        108., 109., 110., 111., 113., 114., 115., 116., 117., 118., 119., 120.,
        121., 122., 123., 124., 125., 126., 127., 128., 129., 131., 132., 134.,
        135., 136., 137., 138., 139., 140., 141., 142., 144., 145., 146., 148.,
        149., 152., 153., 154., 155., 156., 157., 158., 159., 160., 161., 163.,
        170., 171., 172., 173., 175., 176., 177., 178., 179., 185., 189., 190.,
        191., 192., 193., 198., 209., 210., 211., 213., 214., 231.],
       device='cuda:0')


       tensor([ 1,  2,  3,  4,  5,  6,  7,  8,  9, 10, 11, 12, 13, 14, 15, 16, 17],
       device='cuda:0')

       tensor([ 0.,  1.,  2.,  3.,  4.,  5.,  6.,  7.,  8.,  9., 10., 11., 12., 13.,
        14., 15., 17.], device='cuda:0')